#ChipScope Pro Analyzer Project File, Version 3.0
#Fri May 15 10:56:46 IST 2015
mdiAreaHeight=0.6991869918699187
mdiAreaHeightLast=0.6991869918699187
mdiCount=0
navigatorHeight=0.17886178861788618
navigatorHeightLast=0.17886178861788618
navigatorWidth=0.18
navigatorWidthLast=0.18
signalDisplayPath=0
unit.-1.-1.username=
